[[[382217.885, 6391238.985],
  [382118.656, 6391291.892],
  [382153.055, 6391319.667],
  [382192.747, 6391305.118],
  [382223.177, 6391305.118],
  [382241.7, 6391326.281],
  [382310.499, 6391324.958],
  [382309.176, 6391303.796],
  [382278.746, 6391289.246],
  [382253.608, 6391270.729],
  [382217.885, 6391238.985]],
 [[382264.658, 6391210.553],
  [381954.458, 6391370.273],
  [382042.897, 6391668.593],
  [382115.498, 6391731.953],
  [382296.338, 6391556.393],
  [382448.138, 6391564.313],
  [382434.938, 6391529.993],
  [382413.818, 6391524.713],
  [382399.298, 6391506.233],
  [382345.178, 6391516.793],
  [382295.017, 6391556.393],
  [382271.258, 6391516.793],
  [382254.098, 6391508.873],
  [382256.738, 6391493.033],
  [382243.538, 6391483.793],
  [382137.938, 6391535.273],
  [382122.098, 6391507.553],
  [382137.938, 6391481.153],
  [382166.978, 6391466.633],
  [382206.578, 6391456.073],
  [382075.897, 6391430.993],
  [382077.218, 6391395.353],
  [382132.658, 6391349.153],
  [382190.738, 6391386.113],
  [382190.738, 6391384.793],
  [382186.777, 6391382.153],
  [382242.218, 6391415.153],
  [382300.298, 6391392.713],
  [382335.938, 6391357.073],
  [382337.258, 6391337.273],
  [382325.378, 6391329.353],
  [382318.777, 6391317.473],
  [382322.738, 6391289.753],
  [382291.058, 6391264.673],
  [382284.458, 6391263.353],
  [382269.938, 6391219.793],
  [382264.658, 6391210.553]],
 [[382447.071, 6390079.898],
  [382429.161, 6390082.138],
  [382424.675, 6390120.22],
  [382442.593, 6390135.897],
  [382466.11, 6390159.422],
  [382472.831, 6390207.582],
  [382456.034, 6390223.269],
  [382407.878, 6390221.03],
  [382379.892, 6390259.112],
  [382342.934, 6390251.273],
  [382295.908, 6390238.946],
  [382263.436, 6390245.675],
  [382248.882, 6390252.393],
  [382227.607, 6390284.877],
  [382211.577, 6390278.498],
  [382202.194, 6390257.832],
  [382196.554, 6390208.982],
  [382177.431, 6390213.301],
  [382144.91, 6390218.38],
  [382127.066, 6390228.708],
  [382114.73, 6390237.506],
  [382124.246, 6390275.678],
  [382112.421, 6390302.223],
  [382067.481, 6390291.595],
  [382055.162, 6390324.079],
  [382045.382, 6390357.142],
  [381998.925, 6390355.872],
  [381963.782, 6390425.428],
  [382002.537, 6390492.094],
  [382014.856, 6390525.698],
  [382019.334, 6390552.582],
  [382028.289, 6390602.992],
  [382039.305, 6390625.757],
  [382075.323, 6390626.757],
  [382120.766, 6390600.522],
  [382154.821, 6390563.78],
  [382190.65, 6390546.983],
  [382200.734, 6390545.863],
  [382243.283, 6390529.057],
  [382236.562, 6390482.016],
  [382255.594, 6390424.888],
  [382277.989, 6390423.768],
  [382318.477, 6390419.069],
  [382364.208, 6390417.37],
  [382379.669, 6390406.242],
  [382368.397, 6390374.308],
  [382390.941, 6390350.823],
  [382404.703, 6390330.817],
  [382421.929, 6390320.769],
  [382448.217, 6390332.977],
  [382463.241, 6390334.856],
  [382477.514, 6390338.436],
  [382487.657, 6390348.943],
  [382495.169, 6390352.703],
  [382507.381, 6390374.308],
  [382508.321, 6390400.613],
  [382511.578, 6390418.679],
  [382502.681, 6390440.065],
  [382486.717, 6390477.637],
  [382477.333, 6390500.183],
  [382468.345, 6390520.099],
  [382490.741, 6390543.624],
  [382517.614, 6390552.582],
  [382540.009, 6390578.347],
  [382537.775, 6390583.946],
  [382535.532, 6390609.71],
  [382541.131, 6390637.715],
  [382568.004, 6390660.11],
  [382588.157, 6390672.438],
  [382610.553, 6390689.234],
  [382623.993, 6390693.713],
  [382654.223, 6390695.953],
  [382662.064, 6390674.677],
  [382649.745, 6390638.834],
  [382640.79, 6390618.669],
  [382649.745, 6390595.143],
  [382659.822, 6390580.586],
  [382666.542, 6390549.223],
  [382674.384, 6390513.38],
  [382691.172, 6390482.016],
  [382704.613, 6390454.012],
  [382683.339, 6390430.487],
  [382672.141, 6390417.05],
  [382685.573, 6390406.972],
  [382669.898, 6390365.52],
  [382658.7, 6390366.64],
  [382659.822, 6390356.562],
  [382673.262, 6390324.079],
  [382669.898, 6390282.637],
  [382696.771, 6390288.236],
  [382704.613, 6390290.475],
  [382733.729, 6390259.112],
  [382749.404, 6390244.555],
  [382656.466, 6390191.905],
  [382632.948, 6390195.265],
  [382598.242, 6390181.828],
  [382566.883, 6390169.5],
  [382553.45, 6390156.063],
  [382570.247, 6390122.46],
  [382581.445, 6390115.741],
  [382538.888, 6390096.695],
  [382496.339, 6390085.497],
  [382447.071, 6390079.898]]]